Temperatura_0.1_2b_bestCoordinates [-16.8191355   0.          0.6636998   0.9826206][0.43199321 0.         0.01033399 0.01232089]
Temperatura_0.2_2b_bestCoordinates [-16.9007014   0.          0.6664805   0.9948911][0.18723344 0.         0.01453307 0.00308086]
Temperatura_0.3_2b_bestCoordinates [-15.9186308   0.          0.7769504   1.3226796][1.12046141 0.         0.11482299 0.31893039]
Temperatura_0.4_2b_bestCoordinates [-13.7922531   0.          0.9139815   1.6698855][0.64155036 0.         0.02324299 0.02310688]
Temperatura_0.5_2b_bestCoordinates [-12.4631737   0.          0.9148982   1.6770964][0.36613919 0.         0.01906418 0.03895742]
Temperatura_0.6_2b_bestCoordinates [-12.0385398   0.          0.9267996   1.6909639][0.42445948 0.         0.02171408 0.03138808]
Temperatura_0.7_2b_bestCoordinates [-11.7158739   0.          0.9454311   1.7377847][0.45485587 0.         0.05965678 0.06839382]
Temperatura_0.8_2b_bestCoordinates [-11.3254388   0.          0.9831015   1.8076907][0.38325975 0.         0.06122135 0.06452653]
Temperatura_0.9_2b_bestCoordinates [-11.0211574   0.          1.1088065   1.9590786][0.31113146 0.         0.11209131 0.10560729]
Temperatura_1.0_2b_bestCoordinates [-10.1750705   0.          1.1318163   2.0359322][0.51478922 0.         0.07382981 0.12265488]
Temperatura_1.1_2b_bestCoordinates [-10.0875828   0.          1.2137081   2.1592826][0.59139459 0.         0.1072911  0.13495492]
Temperatura_1.2_2b_bestCoordinates [-9.805626   0.         1.230862   2.2474928][0.45619905 0.         0.12362919 0.14808544]
Temperatura_1.3_2b_bestCoordinates [-9.5903128  0.         1.3260436  2.2667728][0.87888142 0.         0.04769184 0.08846119]
Temperatura_1.4_2b_bestCoordinates [-8.9019829  0.         1.2977511  2.2889063][0.68972156 0.         0.08276685 0.1926854 ]
Temperatura_1.5_2b_bestCoordinates [-9.6167917  0.         1.2714309  2.2935544][0.95247293 0.         0.11435493 0.15429693]
Temperatura_1.6_2b_bestCoordinates [-9.0706028  0.         1.2907756  2.3866762][0.94802279 0.         0.05547867 0.13359664]
Temperatura_1.7_2b_bestCoordinates [-9.354157   0.         1.3387004  2.4598656][0.51703517 0.         0.05189262 0.05143652]
Temperatura_1.8_2b_bestCoordinates [-8.0338457  0.         1.3472124  2.4772337][0.76546355 0.         0.06182417 0.09358353]
Temperatura_1.9_2b_bestCoordinates [-8.6231165  0.         1.395679   2.5440513][1.00394153 0.         0.04143722 0.07943841]
Temperatura_2.0_2b_bestCoordinates [-8.6531295  0.         1.3590302  2.5459842][1.08410173 0.         0.0468386  0.07777356]
