Temperatura_0.1_1_bestCoordinates [-15.5334289 -11.9808668   0.7121251   1.0839828][0.9248137  2.74574552 0.05225201 0.08242959]
Temperatura_0.2_1_bestCoordinates [-15.2965894 -13.4596103   0.7347      1.1309707][1.58662432 3.99595481 0.08627254 0.14628742]
Temperatura_0.3_1_bestCoordinates [-15.138266  -11.6024517   0.7849623   1.170925 ][0.83575086 2.25313127 0.06842358 0.09149645]
Temperatura_0.4_1_bestCoordinates [-15.2743355  -9.5011172   0.8201511   1.3023514][0.87790845 5.53597837 0.09011283 0.20523629]
Temperatura_0.5_1_bestCoordinates [-14.5388075  -4.7718252   0.8079025   1.403167 ][1.56039464 5.3557501  0.12018569 0.29432104]
Temperatura_0.6_1_bestCoordinates [-14.3648809  -1.0598642   0.7857241   1.3374629][2.11613165 3.17783732 0.11608316 0.31261894]
Temperatura_0.7_1_bestCoordinates [-1.30249481e+01 -1.10411000e-02  8.61472500e-01  1.56453610e+00][1.49413721 0.03283725 0.10152163 0.22460883]
Temperatura_0.8_1_bestCoordinates [-12.8849512   0.          0.900815    1.562788 ][1.74949978 0.         0.10348828 0.26268704]
Temperatura_0.9_1_bestCoordinates [-13.0352767   0.          0.8692472   1.5333796][2.16889564 0.         0.12650254 0.32451318]
Temperatura_1.0_1_bestCoordinates [-13.6583604   0.          0.8308735   1.480657 ][2.00938235 0.         0.13079481 0.29125239]
Temperatura_1.1_1_bestCoordinates [-11.7566874   0.          0.9237712   1.7121198][1.02229277 0.         0.13102483 0.1920011 ]
Temperatura_1.2_1_bestCoordinates [-1.2918267e+01 -4.0000000e-07  8.8410360e-01  1.5747114e+00][1.80894840e+00 1.20000000e-06 1.58360847e-01 3.50276853e-01]
Temperatura_1.3_1_bestCoordinates [-11.4096817  -0.0163612   0.9671475   1.7831288][1.83368523 0.04586987 0.13437406 0.33480368]
Temperatura_1.4_1_bestCoordinates [-1.13321785e+01 -1.00400000e-04  1.01807390e+00  1.85149730e+00][1.79880948e+00 3.00866814e-04 1.85368803e-01 3.34952276e-01]
Temperatura_1.5_1_bestCoordinates [-1.08100675e+01 -3.11200000e-04  1.02557400e+00  1.87082500e+00][1.91223868e+00 9.33600000e-04 1.71375593e-01 3.35198852e-01]
Temperatura_1.6_1_bestCoordinates [-1.03740808e+01 -2.00000000e-07  1.02325470e+00  1.82873270e+00][1.10070916e+00 4.00000000e-07 1.12930806e-01 2.27276494e-01]
Temperatura_1.7_1_bestCoordinates [-1.09259392e+01 -1.95750000e-03  1.02626350e+00  1.79165070e+00][1.94867224 0.00403204 0.17807771 0.37636458]
Temperatura_1.8_1_bestCoordinates [-1.04524345e+01 -1.59470000e-03  1.01516720e+00  1.87434390e+00][1.07387313 0.00432671 0.16224404 0.22767697]
Temperatura_1.9_1_bestCoordinates [-9.8174934 -0.010928   1.1243562  2.0212322][1.27431567 0.02185634 0.16144516 0.27525802]
Temperatura_2.0_1_bestCoordinates [-1.06234254e+01 -1.17000000e-05  1.04291000e+00  1.83532080e+00][1.95875357e+00 3.51000000e-05 1.37954867e-01 3.06814629e-01]
