Temperatura_0.1_1_bestCoordinates [-15.5334289 -11.9808668   0.7121251   1.0839828][0.9248137  2.74574552 0.05225201 0.08242959]
Temperatura_0.1_2_bestCoordinates [-15.4919825 -10.9111882   0.7354772   1.0938497][1.2191814  3.13230092 0.0554093  0.14171402]
Temperatura_0.1_1b_bestCoordinates [-16.8383995   0.          0.6863138   0.9834219][0.27960192 0.         0.03350089 0.0188783 ]
Temperatura_0.1_2b_bestCoordinates [-16.8191355   0.          0.6636998   0.9826206][0.43199321 0.         0.01033399 0.01232089]
Temperatura_0.2_1_bestCoordinates [-15.2965894 -13.4596103   0.7347      1.1309707][1.58662432 3.99595481 0.08627254 0.14628742]
Temperatura_0.2_2_bestCoordinates [-15.5256806 -13.1428128   0.7337724   1.124627 ][1.04977568 3.9048616  0.06785384 0.11218854]
Temperatura_0.2_1b_bestCoordinates [-16.8268587   0.          0.6784685   0.9994071][0.31845506 0.         0.02806225 0.01305036]
Temperatura_0.2_2b_bestCoordinates [-16.9007014   0.          0.6664805   0.9948911][0.18723344 0.         0.01453307 0.00308086]
Temperatura_0.3_1_bestCoordinates [-15.138266  -11.6024517   0.7849623   1.170925 ][0.83575086 2.25313127 0.06842358 0.09149645]
Temperatura_0.3_2_bestCoordinates [-14.8224696 -12.5536842   0.7775912   1.2027912][1.3126985  2.49706174 0.06900956 0.09528196]
Temperatura_0.3_1b_bestCoordinates [-16.0043934   0.          0.7872943   1.3336407][0.99811134 0.         0.12419248 0.31737891]
Temperatura_0.3_2b_bestCoordinates [-15.9186308   0.          0.7769504   1.3226796][1.12046141 0.         0.11482299 0.31893039]
Temperatura_0.4_1_bestCoordinates [-15.2743355  -9.5011172   0.8201511   1.3023514][0.87790845 5.53597837 0.09011283 0.20523629]
Temperatura_0.4_2_bestCoordinates [-14.8574879  -9.5338478   0.7823799   1.3813497][0.75379619 5.33642356 0.09317863 0.20256104]
Temperatura_0.4_1b_bestCoordinates [-13.7245161   0.          0.8916714   1.6200938][0.97309464 0.         0.05011928 0.14581543]
Temperatura_0.4_2b_bestCoordinates [-13.7922531   0.          0.9139815   1.6698855][0.64155036 0.         0.02324299 0.02310688]
Temperatura_0.5_1_bestCoordinates [-14.5388075  -4.7718252   0.8079025   1.403167 ][1.56039464 5.3557501  0.12018569 0.29432104]
Temperatura_0.5_2_bestCoordinates [-15.1474416  -2.6450913   0.805095    1.3622427][1.46212068 4.82653375 0.09670928 0.29451778]
Temperatura_0.5_1b_bestCoordinates [-12.6541398   0.          0.9019622   1.6652365][0.5806608  0.         0.02442293 0.04365996]
Temperatura_0.5_2b_bestCoordinates [-12.4631737   0.          0.9148982   1.6770964][0.36613919 0.         0.01906418 0.03895742]
Temperatura_0.6_1_bestCoordinates [-14.3648809  -1.0598642   0.7857241   1.3374629][2.11613165 3.17783732 0.11608316 0.31261894]
Temperatura_0.6_2_bestCoordinates [-14.4027622  -1.1470957   0.7985852   1.36604  ][1.97609781 3.4412871  0.11215824 0.29202657]
Temperatura_0.6_1b_bestCoordinates [-11.882501    0.          0.9048623   1.6757929][0.15361754 0.         0.01001512 0.02900649]
Temperatura_0.6_2b_bestCoordinates [-12.0385398   0.          0.9267996   1.6909639][0.42445948 0.         0.02171408 0.03138808]
Temperatura_0.7_1_bestCoordinates [-1.30249481e+01 -1.10411000e-02  8.61472500e-01  1.56453610e+00][1.49413721 0.03283725 0.10152163 0.22460883]
Temperatura_0.7_2_bestCoordinates [-13.3136411   0.          0.8607565   1.5251924][1.87363551 0.         0.08874521 0.26139319]
Temperatura_0.7_1b_bestCoordinates [-11.9029683   0.          0.9279781   1.7607581][0.63213476 0.         0.03136947 0.06525596]
Temperatura_0.7_2b_bestCoordinates [-11.7158739   0.          0.9454311   1.7377847][0.45485587 0.         0.05965678 0.06839382]
Temperatura_0.8_1_bestCoordinates [-12.8849512   0.          0.900815    1.562788 ][1.74949978 0.         0.10348828 0.26268704]
Temperatura_0.8_2_bestCoordinates [-13.0766867   0.          0.8636398   1.4877579][2.0706738  0.         0.12960502 0.31017487]
Temperatura_0.8_1b_bestCoordinates [-11.4886663   0.          0.9952707   1.8492975][0.27871622 0.         0.07893786 0.10602247]
Temperatura_0.8_2b_bestCoordinates [-11.3254388   0.          0.9831015   1.8076907][0.38325975 0.         0.06122135 0.06452653]
Temperatura_0.9_1_bestCoordinates [-13.0352767   0.          0.8692472   1.5333796][2.16889564 0.         0.12650254 0.32451318]
Temperatura_0.9_2_bestCoordinates [-1.20923035e+01 -6.00180000e-03  9.32478000e-01  1.71017730e+00][0.62904309 0.0180054  0.05025737 0.12119678]
Temperatura_0.9_1b_bestCoordinates [-10.8053378   0.          1.1013683   1.9440696][0.3491966  0.         0.0991726  0.13760937]
Temperatura_0.9_2b_bestCoordinates [-11.0211574   0.          1.1088065   1.9590786][0.31113146 0.         0.11209131 0.10560729]
Temperatura_1.0_1_bestCoordinates [-13.6583604   0.          0.8308735   1.480657 ][2.00938235 0.         0.13079481 0.29125239]
Temperatura_1.0_2_bestCoordinates [-13.3280664   0.          0.8537325   1.5219854][1.91838637 0.         0.11008417 0.26801797]
Temperatura_1.0_1b_bestCoordinates [-10.767593    0.          1.0848321   1.9966215][0.45001097 0.         0.09723078 0.12696992]
Temperatura_1.0_2b_bestCoordinates [-10.1750705   0.          1.1318163   2.0359322][0.51478922 0.         0.07382981 0.12265488]
Temperatura_1.1_1_bestCoordinates [-11.7566874   0.          0.9237712   1.7121198][1.02229277 0.         0.13102483 0.1920011 ]
Temperatura_1.1_2_bestCoordinates [-11.6871587   0.          0.9764704   1.7939003][1.61327261 0.         0.14550706 0.32505744]
Temperatura_1.1_1b_bestCoordinates [-10.188238    0.          1.1901393   2.1399243][0.45179844 0.         0.10970008 0.14056555]
Temperatura_1.1_2b_bestCoordinates [-10.0875828   0.          1.2137081   2.1592826][0.59139459 0.         0.1072911  0.13495492]
Temperatura_1.2_1_bestCoordinates [-1.2918267e+01 -4.0000000e-07  8.8410360e-01  1.5747114e+00][1.80894840e+00 1.20000000e-06 1.58360847e-01 3.50276853e-01]
Temperatura_1.2_2_bestCoordinates [-11.7674166   0.          0.9273967   1.7237422][0.96356239 0.         0.05492713 0.17150698]
Temperatura_1.2_1b_bestCoordinates [-9.8434872  0.         1.1907993  2.1934288][0.63866529 0.         0.09570853 0.09470786]
Temperatura_1.2_2b_bestCoordinates [-9.805626   0.         1.230862   2.2474928][0.45619905 0.         0.12362919 0.14808544]
Temperatura_1.3_1_bestCoordinates [-11.4096817  -0.0163612   0.9671475   1.7831288][1.83368523 0.04586987 0.13437406 0.33480368]
Temperatura_1.3_2_bestCoordinates [-1.11477285e+01 -3.23290000e-03  9.98088400e-01  1.84016010e+00][0.89119025 0.0096987  0.13875227 0.17343156]
Temperatura_1.3_1b_bestCoordinates [-9.4723279  0.         1.2453519  2.2663451][0.5221086  0.         0.07096957 0.11802527]
Temperatura_1.3_2b_bestCoordinates [-9.5903128  0.         1.3260436  2.2667728][0.87888142 0.         0.04769184 0.08846119]
Temperatura_1.4_1_bestCoordinates [-1.13321785e+01 -1.00400000e-04  1.01807390e+00  1.85149730e+00][1.79880948e+00 3.00866814e-04 1.85368803e-01 3.34952276e-01]
Temperatura_1.4_2_bestCoordinates [-11.4123438   0.          0.9787485   1.7829962][1.78791198 0.         0.16329505 0.33213103]
Temperatura_1.4_1b_bestCoordinates [-9.6022012  0.         1.2304137  2.2948352][0.79678839 0.         0.09155074 0.12272548]
Temperatura_1.4_2b_bestCoordinates [-8.9019829  0.         1.2977511  2.2889063][0.68972156 0.         0.08276685 0.1926854 ]
Temperatura_1.5_1_bestCoordinates [-1.08100675e+01 -3.11200000e-04  1.02557400e+00  1.87082500e+00][1.91223868e+00 9.33600000e-04 1.71375593e-01 3.35198852e-01]
Temperatura_1.5_2_bestCoordinates [-1.05953889e+01 -1.00000000e-07  1.00197040e+00  1.86561430e+00][7.96714364e-01 3.00000000e-07 1.15635205e-01 1.82376800e-01]
Temperatura_1.5_1b_bestCoordinates [-8.9710578  0.         1.30144    2.4271949][0.51455519 0.         0.04924171 0.07759908]
Temperatura_1.5_2b_bestCoordinates [-9.6167917  0.         1.2714309  2.2935544][0.95247293 0.         0.11435493 0.15429693]
Temperatura_1.6_1_bestCoordinates [-1.03740808e+01 -2.00000000e-07  1.02325470e+00  1.82873270e+00][1.10070916e+00 4.00000000e-07 1.12930806e-01 2.27276494e-01]
Temperatura_1.6_2_bestCoordinates [-10.8147374   0.          0.9876668   1.7642285][1.16396575 0.         0.1256561  0.22176741]
Temperatura_1.6_1b_bestCoordinates [-8.8014678  0.         1.3203199  2.3863651][0.63584277 0.         0.07990468 0.09618012]
Temperatura_1.6_2b_bestCoordinates [-9.0706028  0.         1.2907756  2.3866762][0.94802279 0.         0.05547867 0.13359664]
Temperatura_1.7_1_bestCoordinates [-1.09259392e+01 -1.95750000e-03  1.02626350e+00  1.79165070e+00][1.94867224 0.00403204 0.17807771 0.37636458]
Temperatura_1.7_2_bestCoordinates [-1.01712945e+01 -2.16500000e-03  1.10664990e+00  1.97103790e+00][1.35343097 0.00433782 0.168567   0.24436845]
Temperatura_1.7_1b_bestCoordinates [-8.6005967  0.         1.3934492  2.510788 ][1.0670389  0.         0.02402039 0.12071179]
Temperatura_1.7_2b_bestCoordinates [-9.354157   0.         1.3387004  2.4598656][0.51703517 0.         0.05189262 0.05143652]
Temperatura_1.8_1_bestCoordinates [-1.04524345e+01 -1.59470000e-03  1.01516720e+00  1.87434390e+00][1.07387313 0.00432671 0.16224404 0.22767697]
Temperatura_1.8_2_bestCoordinates [-10.1159027  -0.0133515   1.1427697   2.0708715][1.64599294 0.03432    0.14974577 0.27995002]
Temperatura_1.8_1b_bestCoordinates [-9.1020067  0.         1.3456074  2.4275722][1.16853726 0.         0.05118782 0.10425848]
Temperatura_1.8_2b_bestCoordinates [-8.0338457  0.         1.3472124  2.4772337][0.76546355 0.         0.06182417 0.09358353]
Temperatura_1.9_1_bestCoordinates [-9.8174934 -0.010928   1.1243562  2.0212322][1.27431567 0.02185634 0.16144516 0.27525802]
Temperatura_1.9_2_bestCoordinates [-9.1953895e+00 -1.6000000e-06  1.2459400e+00  2.2021404e+00][8.69798729e-01 3.66606056e-06 1.26489151e-01 2.51988855e-01]
Temperatura_1.9_1b_bestCoordinates [-8.497875   0.         1.3847066  2.5160019][0.70169873 0.         0.04254931 0.09115465]
Temperatura_1.9_2b_bestCoordinates [-8.6231165  0.         1.395679   2.5440513][1.00394153 0.         0.04143722 0.07943841]
Temperatura_2.0_1_bestCoordinates [-1.06234254e+01 -1.17000000e-05  1.04291000e+00  1.83532080e+00][1.95875357e+00 3.51000000e-05 1.37954867e-01 3.06814629e-01]
Temperatura_2.0_2_bestCoordinates [-9.7535287e+00 -4.4103000e-03  1.0696066e+00  2.0131341e+00][1.75339674 0.00759925 0.19785357 0.3390838 ]
Temperatura_2.0_1b_bestCoordinates [-8.5654529  0.         1.3499215  2.5165947][0.59615143 0.         0.07297306 0.09797817]
Temperatura_2.0_2b_bestCoordinates [-8.6531295  0.         1.3590302  2.5459842][1.08410173 0.         0.0468386  0.07777356]
