Temperatura_0.1_1b_bestCoordinates [-16.8383995   0.          0.6863138   0.9834219][0.27960192 0.         0.03350089 0.0188783 ]
Temperatura_0.2_1b_bestCoordinates [-16.8268587   0.          0.6784685   0.9994071][0.31845506 0.         0.02806225 0.01305036]
Temperatura_0.3_1b_bestCoordinates [-16.0043934   0.          0.7872943   1.3336407][0.99811134 0.         0.12419248 0.31737891]
Temperatura_0.4_1b_bestCoordinates [-13.7245161   0.          0.8916714   1.6200938][0.97309464 0.         0.05011928 0.14581543]
Temperatura_0.5_1b_bestCoordinates [-12.6541398   0.          0.9019622   1.6652365][0.5806608  0.         0.02442293 0.04365996]
Temperatura_0.6_1b_bestCoordinates [-11.882501    0.          0.9048623   1.6757929][0.15361754 0.         0.01001512 0.02900649]
Temperatura_0.7_1b_bestCoordinates [-11.9029683   0.          0.9279781   1.7607581][0.63213476 0.         0.03136947 0.06525596]
Temperatura_0.8_1b_bestCoordinates [-11.4886663   0.          0.9952707   1.8492975][0.27871622 0.         0.07893786 0.10602247]
Temperatura_0.9_1b_bestCoordinates [-10.8053378   0.          1.1013683   1.9440696][0.3491966  0.         0.0991726  0.13760937]
Temperatura_1.0_1b_bestCoordinates [-10.767593    0.          1.0848321   1.9966215][0.45001097 0.         0.09723078 0.12696992]
Temperatura_1.1_1b_bestCoordinates [-10.188238    0.          1.1901393   2.1399243][0.45179844 0.         0.10970008 0.14056555]
Temperatura_1.2_1b_bestCoordinates [-9.8434872  0.         1.1907993  2.1934288][0.63866529 0.         0.09570853 0.09470786]
Temperatura_1.3_1b_bestCoordinates [-9.4723279  0.         1.2453519  2.2663451][0.5221086  0.         0.07096957 0.11802527]
Temperatura_1.4_1b_bestCoordinates [-9.6022012  0.         1.2304137  2.2948352][0.79678839 0.         0.09155074 0.12272548]
Temperatura_1.5_1b_bestCoordinates [-8.9710578  0.         1.30144    2.4271949][0.51455519 0.         0.04924171 0.07759908]
Temperatura_1.6_1b_bestCoordinates [-8.8014678  0.         1.3203199  2.3863651][0.63584277 0.         0.07990468 0.09618012]
Temperatura_1.7_1b_bestCoordinates [-8.6005967  0.         1.3934492  2.510788 ][1.0670389  0.         0.02402039 0.12071179]
Temperatura_1.8_1b_bestCoordinates [-9.1020067  0.         1.3456074  2.4275722][1.16853726 0.         0.05118782 0.10425848]
Temperatura_1.9_1b_bestCoordinates [-8.497875   0.         1.3847066  2.5160019][0.70169873 0.         0.04254931 0.09115465]
Temperatura_2.0_1b_bestCoordinates [-8.5654529  0.         1.3499215  2.5165947][0.59615143 0.         0.07297306 0.09797817]
