Temperatura_0.1_2_bestCoordinates [-15.4919825 -10.9111882   0.7354772   1.0938497][1.2191814  3.13230092 0.0554093  0.14171402]
Temperatura_0.2_2_bestCoordinates [-15.5256806 -13.1428128   0.7337724   1.124627 ][1.04977568 3.9048616  0.06785384 0.11218854]
Temperatura_0.3_2_bestCoordinates [-14.8224696 -12.5536842   0.7775912   1.2027912][1.3126985  2.49706174 0.06900956 0.09528196]
Temperatura_0.4_2_bestCoordinates [-14.8574879  -9.5338478   0.7823799   1.3813497][0.75379619 5.33642356 0.09317863 0.20256104]
Temperatura_0.5_2_bestCoordinates [-15.1474416  -2.6450913   0.805095    1.3622427][1.46212068 4.82653375 0.09670928 0.29451778]
Temperatura_0.6_2_bestCoordinates [-14.4027622  -1.1470957   0.7985852   1.36604  ][1.97609781 3.4412871  0.11215824 0.29202657]
Temperatura_0.7_2_bestCoordinates [-13.3136411   0.          0.8607565   1.5251924][1.87363551 0.         0.08874521 0.26139319]
Temperatura_0.8_2_bestCoordinates [-13.0766867   0.          0.8636398   1.4877579][2.0706738  0.         0.12960502 0.31017487]
Temperatura_0.9_2_bestCoordinates [-1.20923035e+01 -6.00180000e-03  9.32478000e-01  1.71017730e+00][0.62904309 0.0180054  0.05025737 0.12119678]
Temperatura_1.0_2_bestCoordinates [-13.3280664   0.          0.8537325   1.5219854][1.91838637 0.         0.11008417 0.26801797]
Temperatura_1.1_2_bestCoordinates [-11.6871587   0.          0.9764704   1.7939003][1.61327261 0.         0.14550706 0.32505744]
Temperatura_1.2_2_bestCoordinates [-11.7674166   0.          0.9273967   1.7237422][0.96356239 0.         0.05492713 0.17150698]
Temperatura_1.3_2_bestCoordinates [-1.11477285e+01 -3.23290000e-03  9.98088400e-01  1.84016010e+00][0.89119025 0.0096987  0.13875227 0.17343156]
Temperatura_1.4_2_bestCoordinates [-11.4123438   0.          0.9787485   1.7829962][1.78791198 0.         0.16329505 0.33213103]
Temperatura_1.5_2_bestCoordinates [-1.05953889e+01 -1.00000000e-07  1.00197040e+00  1.86561430e+00][7.96714364e-01 3.00000000e-07 1.15635205e-01 1.82376800e-01]
Temperatura_1.6_2_bestCoordinates [-10.8147374   0.          0.9876668   1.7642285][1.16396575 0.         0.1256561  0.22176741]
Temperatura_1.7_2_bestCoordinates [-1.01712945e+01 -2.16500000e-03  1.10664990e+00  1.97103790e+00][1.35343097 0.00433782 0.168567   0.24436845]
Temperatura_1.8_2_bestCoordinates [-10.1159027  -0.0133515   1.1427697   2.0708715][1.64599294 0.03432    0.14974577 0.27995002]
Temperatura_1.9_2_bestCoordinates [-9.1953895e+00 -1.6000000e-06  1.2459400e+00  2.2021404e+00][8.69798729e-01 3.66606056e-06 1.26489151e-01 2.51988855e-01]
Temperatura_2.0_2_bestCoordinates [-9.7535287e+00 -4.4103000e-03  1.0696066e+00  2.0131341e+00][1.75339674 0.00759925 0.19785357 0.3390838 ]
